9070336151184162553704956393649114948
7924667151480992079457475155262003231
5140793294685228903298384160522925929
766845771823229956824515597217728031
12251497154929078410923462130306041294
1285115831595162046371548700174406252
12147576894962045478574156805732226197
10696346890458045568689346994757502567
5474950061685651396875912249384751954
5788231824135804637118324454738725643
1104772043744796904595288290771475394
11520942256883854960160433848751826607
6289897692758578972099118941761048504
9900663949020800573613766995679595171
11241300831996961862438795357146106829
7119926743971281374675181476038649248
7342097155588018009028113895168397434
3658262932268943108999653796983909131
6200863357643240119238295155204370694
5179468925032993027655307811587823225
6181993576492726228372113780248659102
11956254217487590640311046885791245572
4786595508310111303613102907187155312
6817517409712451488862605031492541415
4665423649714315455634713334070798073
6011076889902675818318288803197514759
4246805563470936846732838299880466890
3707249930283033620466438660191661182
11515183001068308686937687920343276326
4160937803753396039725055204730448586
11908221361644374305158678392564687473
9243479010965957080460961819949722307
5471544793989332914674805345711847510
11492069639202882886006124892302816765
8316015515671902282501053704126980748
1352854045767262260183620750006757045
5183328539131832824602558202188353489
6726700434247715523082839939084182929
3025756594739987823120343156696104945
9407397569668523499159808560133394798
578906151962162872751548008176394129
8872385371589684253820693902537604967
3397483629310837357535617360588578775
2918886489837696934336936696682841017
9060102913460347556188245047657695925
94414438068638485989604886078651688
9165052903267287922189665449824156806
8498601377022891436966194117310236959
5167087622997008824165151686247953195
2793999465882261153025739803819066051
3529714073591727976407144936661538683
4016026471547660017945569284235910456
994633697155959268138956915189760670
462862918031114757502519545128489526
3974419837366957116622972964767845003
1821785378470633668841219620431025753
7559867344861467334699589535321345902
3423139463093936623155750123723306825
6323199110382548859334668991230091505
1493985115596949663770711932543805265
4632674102817951314117121947549367769
5640471251381620508007756841982544033
7351186400994668148982502136933523137
462876552113001003359025780712724027
8460914606473927556259267735706424633
1733870690700202946028002934038969134
757400249268979803891109980098750562
7858152056051512994723575890156210126
132820595403219618363712769535241578
9405206901823175048648179044745928449
6103241728364140475198247013958532334
10368631607907494091518236162753427837
2201829556993173778920351721707163655
1190743953733902468465262078542861505
12176828698873298501832407721389318184
12004066547537935268065597212117143745
5411574180629741390513965967637159285
8755382806518469240122307093530102566
7634255572305413775929965632435254343
6987637796578080201185497179763686269
4344105484233655440037729202131016668
463518181650267741226380370924439683
2012856173730732956677542206782391984
2115523412336801546092032928145610621
4420274370475049963236303502545040908
9798136043146425710755360571477145719
12065717763503040441741278175650616584
1297663564664188526461073045595237184
1001580567340495514296775442193079454
7308512713666881688706264678951174850
7188274853957892796537357291632311944
8226677400467999236873078536640019173
4919595237881723574638621886194821822
11652246348446869060188124217227296012
1802497363224456065593858332070123589
506824680497396376491065561379299886
1983807653480082252578718367552734231
376548972314457590875223559626733420
2512145096907454671155272112734799754
4116040493245201686299551222120309162
935476319785963956888817630900461428
7147422087464751771112127843782037547
4513367365588220265348421709600617898
2351295036784034693133839264527249294
5098900599784657758756144720642801769
8420499416822641723676363990965945300
727879823661778887558646314590890762
9665591956405048602126796073039222268
9116566219544802571886127649174491882
3348917910746339678595005747529214198
7691713571713982447174999925436836283
1205989487459363416040186710397519161
4501673718039212977727793572556952761
1435308184596555325515894932107847263
6505177000312972047498870658486330240
1768036949559963769503473766959098912
4742191062888372768561554648774888503
9917397590084563415271673528927593095
280221683242893689731784662358680810
3691763911969405020342246309413896816
7773125596247610430214469710959233906
4866468378219435507920192582407194376
3692838203251523164730772192368674833
3632523466377848075917335626849841682
2977203712765122538206871714021377196
3114231968696864740846113458963979550
10000303011460252338543052897661027187
10425735920090819237320101004404233728
7521432412148788902922219089814081969
8690192697931253675230594571873896523
3298444889657507535193179066764771867
4277492824800556343806439933136698709
11101181354543190683917131524271396491
5377669212481443549029742050746014768
12031897015325331451115545320138893696
7946971002725450472356557398495943724
5556903523693732158605208016746570134
5979245189018463453702906108310493826
6347178007494903222708787746354986877
2959134644236181057456783324212633318
9649085636315315301111852513719256956
1308185093993778627837693038338830976
8330903085976539392173464419519424463
5388246700109311844736709494898266180
9064700538156203626709395811836642444
12097614024991808522934494082946504414
4908536828502613232460280069764212335
5316946004262780953933828831618266941
10606506212602848274627143525276402854
3743950149918958493069355418889846359
10467134514635089293398069784550313229
639784694151054848504379871469683196
310716415891428010883238189479749622
6772882873466902787701107840690951682
9780191803835256475176192868052231854
8326145343354641237776875846929476033
2861827123825652921745111243673012308
9170276435610780330751303279704085283
10869030980041784663250133651025887616
58052047773384015693907345901433136
1228200629561949687973456136210215159
5038250351325915274091617305330947486
11525105905209954911061493064807861461
6078709944884001635495066269896976871
2872292089497923730383032449868037897
8752638422429589023721737090976879077
2055255139915660329597652804207058791
10221206424299230712240794078670943054
1440635339526675731064831828083145737
9713329347160128027715199294966222974
10315371545236343190275585367602745048
3917291623611363724478278992225003896
11441065124170279192589099826993019430
3191032982538025783288068766833475358
1796573851534322605828830767122412919
366941069326815982357982793586315237
8646840117076573588483540527965888133
2696242577554266051195647398507178835
9423810661533892523538145769222343483
7729303724928979621207856467595585895
2602438750562023229906714563844688065
7884292551143160661045526932895151192
12014678090615271585975207446594852462
3342578834698202458724384575447745222
11083930663094082123081431906580647117
5004435409548263870004238998115817927
990484280425273701591106103087489252
6469527699722152142655073020075894408
10312238404945599906674776455053167807
2651848688727479430292649689379650936
2343806875104010931219937057663019097
9521879713925094422813487983195222694
7890286678299820394917439322042788129
5038741446110521334505632904611175711
4976151849519523762562354683442485562
10430064690440049028332283760384721227
4464795852042270321869986877009299110
8880619386633913680697197816067192382
6831259901797250711282196140336629508
901418823114928504105606909182756463
1737198308052300915233335409861814177
7377057475446560820211960297189907052
3624629914901789150688013472179319370
9511635972495970811673000756634400031
9716269573789315445898122134700032247
9525135227364631557107394865093216565
1717021078754559980848261931274965938
9544573321828389448294040561360059417
643683218928131721065886892441649057
3574145460067576319995116145213687433
10254117082140850155325408468471505203
8568060137985712455899364990785626694
8013030335749221463257434078544257780
10708287334484249156970850298789413536
6232530279756290705250411012428748848
7707994213618792353008586719349596886
332156293087384414603973227622549921
4950794727994890914379113640929862944
8104915577288926084963731137367379763
9185148765916882813030580117417786255
6214756266398697006207516339454694343
8385102104369860014086038952503062948
820540082362439721498967766863954383
8380421746585668084913666617499199746
4015381691341668624597148198991201829
10807801737937787953976975765239833163
3825701426933462778244851033580748742
2378485441937826690313221215395402643
7350180492044106527526637364472411869
7341197584354376733550418108904675362
1269159247149004752895016784757287153
6627628281133777924179760259673876667
8649075887180863806727328305294469519
6356963656132829577921189706800485971
6327204369151443770499820893173389741
2193126123480570952928969924523111013
3596642292955860590599537007579491673
11949673749100432086485742553779997217
910281120807322236765076053817560143
2087579812015857007269453897680526619
5482871479765732561164724836127660614
4101566694963907608114282058911034728
11348602210333079458833301234356878866
56439711158248238381019332988960873
10385789123710606974676740838091870050
9486542301719479570804882053708022880
9044187371919224032655707149567363391
9551442243748328743625073156036583406
11651592063124759680315561799311668219
7777729891335657443136303070177417235
10679623019804577611779596788301251984
9191421283609241901952373014190654511
2131684915657543402921154052005509134
5375588772892631922401852516624128818
11021224295084135080697385077026622324
1972817495784955775482171146275798707
7668519768815016491314119680428784515
7599546208598249609869462504584175007
1991357775044939139293106043623214419
11957804805608035894789854128608062371
10319501767063206389461560398691765335
2545640121709415142876658703346136059
8768313442122664440448720205182944255
9934311594103064400637641421014045761
2773804354830106316869254721201471480
3270867220752404277384629399458497841
8061666003440047422846707593708476283
8129145134364598638652290598791322233
2936238011363248744225209907291289507
3397775861423897096124570723797652812
10669880772459826933329078847055055512
9010435010721079636754329590139180049
6660579115369822252185319727723930846
6552422119381508630423311413462231682
5849895954657327664520778490210784783
1231689636632753209990895880735201037
1568664837308971972008331619136978587
7650361428088092555577959653556601750
5224296483723589795488512536142790487
2559719347087040916108818295428392863
6819819181634157933902739034902148895
11491438338188812021979322423107013929
7519362277029872364579995449447578925
1443587829208926073371105901350028115
6082987926179627841590483180685346681
9924179289730161946093628975733441466
6316173232483883643669212243376790685
2967060376464363253738262642374738459
3382727418011398364209234867492608607
7685911397881862898200462329140785216
5135592653049875464625471932377150749
6958797719190547412932469222566098649
3836722254788065381532798464468199176
11867817735842308202445768429592050914
273659191236279119524427890397433032
130923538137223552521648994304957907
9855012409402738351098347100827648501
2079096620936369444153005983934388048
11028374872659513672529614307199366827
7845052357592346564590877349844927750
9243305289052387458880835333786537353
5013231856954970558456373181668231368
1563920459745088758823464720267927516
3877538490342613527381683398923472426
79176380700826267008165760659186886
3131589085325064749744930987549209807
7728583353030006172775891842971338441
4800663837321437233249404413048462571
7249680938097427936391010850441256262
11792610062866366121872317680528538901
3658448976805037073905652576032996078
2244226927943344849179709490645486971
2310967601201470465625889078138132267
1718061029018869984314002881698822316
1186471617902761651352834325836100921
1030619705919737250776861312598324576
4381182605254999793285809031981681008
7184102747597071142314159548932535205
3388053790469893630957917799828078756
1718821087128602562033636390701825667
603226790965968291544918183245595455
9012528639741613408457048173440807213
9112150459512589958783970217576660165
7207093698900839606078684160114996974
8066279865569358397959853882863409279
5441453693918622607689087118583009664
1512836015508251677587604435721570058
5367231961938048311377345292570958489
5808628657027342529882738827440848407
9821170239591409306028636190482818293
263924398854876883636915570211162501
5029733383574807549562843276295181718
1561885075576141057227741990805285731
842081383582442395726125799189573592
8777680705618951750991832079760040993
8676459388472926862718240523018263490
973299092353703568525930996754532336
9898987214339337040893047887939850771
347768545982680364433732327960335000
588542133984050330648415578210186969
6964424428503602413313980075868729902
7327944831593934037691922134647720627
445297073381316561761413209895714910
955632060276650125697155096562171554
89582116295034239080522508045762392
5239763211245619465348503682113663112
4405958382805087355726105493035291037
1684363483969790423765775785415932165
7489451292837844594060571590756537917
3011235708243236235744646028741117245
8442338789327710095106809529028382489
2425802217591741643544148472586060146
2055810740324008883907037376594463210
5670533674791498228234234622340361059
11217337398444295095157619238841792114
4108659559208051702623261241586342582
4507745709025881984563863003622179990
10921769743561243784770530602317355322
456804997287893467974541961863355409
9614314957119816972694932864298608652
2022384411851376222736422160962376579
602777066382735262564571222751234485
793957581003718011183456983176572484
773107783138959031617887487648631955
2724656444145989339439963173651002939
3120683304259972145724552999689646520
683632013234468885265083927135578028
3270176669229871820235676201920570947
8419536801404719902121155648556145089
2615339054974313538960422150101323731
524745366515771090157422778660058570
1864788717929250939032584083546245354
10765605549497807190144430946279596551
10485164643679603604623254605796670200
3896854136786133410583268108550789067
7835773931943932290149215449349721019
3894057413297648195936022164810463682
8929426239673925401493278948363548093
10790790740447458414246396380852455199
5596148542322093969773546298093617737
1813653215785088568314731996428005334
8232309981468318358174884154551460060
11039245822580888898966160199314686481
3690855704911593369619967228740011920
11219886865679900348850156924779465283
9168259563314806481632221410975564803
6389928855273693582883685342043743003
9922674812402200947757313652638910843
4829026450496026450805600884394063825
8700612212195866087913647902656997854
11416971498741628802945142090077393855
3591762688930217233320479659183437398
1104406859224645044158783188556095011
8777790361857020336975362889996141815
7689330729597714341979597057423618151
10883256234163536384539384000978895611
4439768453595352174097634138694306589
1698098674195626122346886031030719188
4599268086441281267313234742247209396
7693643064896190083407470324277404644
11816659240184158907019943499788051501
2107406323971800259365555042125565958
10283780869148491155537451223556231183
5397149525439516809473580292706839551
5946599092068718362609979721351106298
1111016059360610952073365579318750932
11783558480830845599900996357336533037
6637055006136800176122790728798872551
538163098570475796682371306219111808
6177727952544969544492458185363689838
411618958850128749968947216799827755
12023481124181170671375004706102398576
9100227894051350306759519749122893728
10873190385818415984655516466247502614
5777916206679071195348879579708521240
884195641660671909161886492260543912
10476815880513565778672910540360344261
3464547108227312070215647481477186221
100696275542484583961558368464704414
11676328027059449120116288975224112574
11667132140728779162274172831374944203
4196861797195397375999528406728688258
3657308155078313083676723119015530612
7335935358201100746779827079183714550
6326944401005173579462141883981513086
76271948669656709301738217535709069
8547730690397439028900305966135251403
1566908283612777049992001451446650905
1974115244334864376204965856403912781
2266508652630313443021309713620546050
649475277121933784993041222615990348
10445896698664579929106321002250716177
11675187449770868310090232304971226306
11129637563177895669305790078436287892
1510035018625568789544013266116116144
5377466045911893586696983491304681488
6865774325099110515343297164486644748
4703652679550230380665170846430516741
7676418012357670771925843192938513206
3600613135662908735384701114975717956
4100412151603297952171293790090846462
5762729710402655248037913810924751840
12230712568764614223219422748981660745
10623223786627948079446564543142728719
5128953223333534450967326212847668594
7366748829325136414224441629936094867
7082259765224146715337825959689169856
2320091077699417589242297210523972400
11178189061102268710187713749143848706
4282898207903785095480223710988136078
164781477306829215147079304289884812
1795531063475886883185485589239836889
10545936069037948720505353356081271689
3812864159003429359934403723387887490
4319014728751965438152297286017986771
4626970100525593425972212702663378526
6549503870105488100107739932495451708
9841189452968619658223174193312327980
5381099007868983457692068467854582544
4010469593533469276929492222983473671
11633306490247462436056962939941787847
2874732566027082831894142209426584605
4471361695065932204455915621395519515
1175160076582524207867223109131468916
12351058883473851065193355089923122233
7878808205213331833815672231717059838
6376025487571706139206886690092615256
11196334788384529592842364062706410984
6233896669730423435255441530777916766
7163876733200698782299808669045000723
7005001047435971803813506554686141506
9313646496599973967880617862536568547
10096556793217137319188124207756417190
8527626725154684546590972554197240674
977620043603853071074114668551822382
3247848182659516264906570907959910198
11383090811685596826538675076348288211
12076431500717829441591873170278952827
5559073638265927025971700553123158598
9833161138710112523555463597681157798
12270286044340141333223491179302882805
221839041356660511617731912417711133
942784522136771863338187537236184119
1304981569098683796647134321704981265
7004070006976280000215280228164391399
8755105273290766245549559516106379880
2210417598025757925965896927586225377
11373933486348007384770470061681399498
807927675016502428772707471270131292
12004858606683269167580285101311665959
5449821159219805842263380207566012132
7105267938739481514592428742241925935
4103411218577728490934323956664868109
8668534005122851814096157596070957065
6782610457262699596876334421789295500
9640436217721471758376387766910354226
11363817242236892002565217517435857569
11153920892030459465936199937484845517
3915007417651950540657065415677895398
8551681227852278361197863121366871307
5332517596153166077391298311901879939
3555836217281683100647218979521029883
4509892029695457720317446431475093368
9570307733710631056035786437577754215
7648201050689367134863199389932446775
655374529952471255774496120630429050
6253389260001077627883132292628982062
12346382759153516025735089851800890984
10686255158570966043559928086556976471
2362630309412385409452013215060980827
3783403231503899510877452964111368872
4902836697835508910810199797288403415
1945948425913748181327959164938660336
3173968233281989954213144552518395440
10989441167791148574370824120551700281
7080669296893971335792288911496734430
4108129473861450164286790045996171240
7913166786965512064081219923961859674
7546608824370101649634646883392654412
10378165357061446083651054716478115978
9273509482572824998722100138594163104
5300350144297671066033268181463573948
8226817876640576307009974705865126860
4259884961953422409581988282161638836
8245172725628879547585384661146723070
4343393711876177733263385737704288202
8984979505257363733345300682459505670
851748714395211155712187404182789633
10161717266066068095733314802206930486
4016010829234070130855344080017663459
7655022153653049360534649301744651229
9514599117257217248887795923814083602
3893824830750757343919245770227242261
5836943473692987483340934687553999803
9134195900019101538464014509441723296
254043724766624266113938811213972906
273249919072812278759785006486899552
11324077994668183984432057896650041833
5876159224675200383575096464431743556
11004506118784959907109179492126770723
10485448315235883429196237917037052001
6962172368575901801742620551914869590
5058418339619419929366383368945246467
2777445023708497980130658452031520436
6127357472414826035763828805460493981
11354235579297042429142455181996005305
10269642857620646944655840898886929060
4172352045841526521250007872424221750
10098047079495723571817113564528781526
7456050785136015047492123087176598088
306920266155270841459126958758797747
7438316242392624294958983327697307060
4842443162036134657428413935589661165
9900663949020800573613766995679595171
8442338789327710095106809529028382489
401968376517497842540530580605568844
9010527450358383985522397647919480331
5409012853103684183215563726720321
92001193720196349790779333617012395
12157814842884384557366940748524230562
9125161691681489492453800567222386610
7105357751024842043957635156798062693
9905704653524945151342246034633020907
1075191363320236011802071257049659782
5688171675448277217887351342758022439
9504393897370785131432399926700991249
2062021716985057271307218367078224574
2438806529160989748037856576078724268
5990711650525647334943202197977966598
4238960974064341342174849272661345762
9065586709972476212020946464503576343
6991954648308374235331524569293411059
4469004007858031431210887113860608341
9340209886869502861831678706495617497
2484357614932706231680458353460233344
2342298802237667505399577332164215972
8310322718915598209005866040144715157
10224698118022822771490437980135808710
9607682708759044948762149851627419106
5218914813734980754033841124861503376
3382780819997793261521981392153381909
11605470707281083318225284475196042726
2288397978112129107691599037281808634
1451723572703785293917498163418156476
12072245973283971856732877923922909432
4211579472334921319271272879740487317
8163001590635486664963942984157139208
380203473085430954158613148015471720
11783159024751216101221120269558870591
11992498589826828242983928359146729524
962390199686734325803608605529233406
6463051593208774935518934568516235853
7625039324543011689025948183974521874
6813646850922770414674556552566615807
2170673897663081673984537810499932325
5310072229037183032969578052492060343
9886468275116295689111516102228276866
11588097648684708229340595136580558486
9607682708759044948762149851627419106
10075858571183557617941968010750961536
2834114494165215778497224195164527106
3902595047664299281089151344235270740
8831584292436463905692195268061157434
8968987719858108502630601710124141658
4343326055442689541635387609051533823
5464323000072316473233743037728792489
8442338789327710095106809529028382489
3160574888951642712163453389308161938
5407334974678132187455974785233659221
5638710346036986538780147735678132923
3361871102905994479439067938781229001
2280263108930276051685966198735488235
6963337110180972620154924778852770296
6894780201845508087000462101490222487
2510268110327185436588671315897668682
8140125432055152536690481343744980302
4298742386117542641407610959950371124
10910191353035196248548864128431929727
10409029796946905086415173241366375608
12025790453083452068194577413343795190
6100850497708228783982020312544193740
10599176439723507176767551312144619525
7777729891335657443136303070177417235
10679623019804577611779596788301251984
9191421283609241901952373014190654511
2131684915657543402921154052005509134
5375588772892631922401852516624128818
11021224295084135080697385077026622324
3519330960036434796428570083483209131
1488253403531279861957383561688245
605629136640635059675365696402401073
2781892073058821670692862751670687898
1975059846146350882700550658284073752
8415661926747870994168138849976683974
7950685525559621845452517958149211039
10797831037888678245514361704457904650
3435180817646410523607903808624385485
1018445835706854922341232463517612758
7583625475315833710821483255516240281
6480486575277419841573509930986629605
5416426378668243105274454023209800365
5610962578977095962636148831354835432
10230896873673489260038996158796354929
5127344287133167205868206957542621470
144790003787709383025833214801781680
10936810472000533788731827084917213270
5129066039766696269661157182274263612
1256895246444803219888970566213929558
3051169444856688617896247122622617916
197447166581744549180944294288279287
9624969828306518298021087752363776253
4200907223495493557253585018032420342
7949876372714795319316674820382267339
10939301529937355826933072879506757814
6855211148959241456461807830346250149
10233950173836581342986019032912627110
12390077712984619709897676714346506393
5147344536370221917135979787602135841
11305111702873016971554204013417676723
7182827235847887459691715400219757340
2193126123480570952928969924523111013
2508421232568949514213900600645596151
4578653172469094098336246942748715152
3842728734905107039223686035399728788
4512338979887269569420096390737617460
992765416889248046937827068739259876
11191175177374490411201125684798789133
6997081412860576799808164974960894817
6118502197739738747305427539789864396
4169592230402523120235198101656322992
2490128025882339579196141781480674153
8145857071313978130832879011449396411
1438789049358994623180899155560147836
6870170036844330662434849431847796085
6469729233074663664535071661784603307
9778171372456173589593596257088688886
4091009342318697823709157461998780927
